-3.2111105541744314 -0.19011360489792317 
-3.04402468134978 0.3434510831005898 
-1.8258279100613082 1.0112942672465448 
-0.705141028519484 0.24386879181363702 
-0.6505146893721397 -0.22673904134315695 
-2.582930223924979 0.9333709034469461 
-2.537030248292436 0.8227373873358415 
-1.1555487059343115 0.7685653431362383 
0.01129110213934475 -0.0017806395548251991 -0.0017806395548251991 0.0034455294786010964 
0.032544876696839045 0.03156611858409129 0.03156611858409129 0.05755978895151547 
0.04660726123706927 -0.005139301998550682 -0.005139301998550681 0.010095757274616928 
0.021067319869946182 -0.02662104521477281 -0.02662104521477281 0.0626375437025481 
0.0041146626765447255 -0.0002734475839123392 -0.0002734475839123392 0.0013666719795506995 
0.003248689511213297 0.0038316061620336616 0.0038316061620336616 0.00453080775528345 
0.05932800009832395 0.02412040157751452 0.024120401577514525 0.01786102398793924 
0.0545156070054758 -0.02703777666090769 -0.02703777666090769 0.02510769947067136 
0.044161970313726345
0.17222603001944609
0.16695198403949163
0.22203370870157804
0.03492446845529339
0.018320485392422675
0.14644346586970627
0.19493788720833524
3
