1.6181553482730464 -0.4715744161689643 
-1.506442674768464 -0.7801618371836354 
0.31580548498016503 -1.6864631657859261 
1.3173475624021318 -1.1188081293363452 
0.9733496326273994 -1.2103309316641244 
1.7094481275373312 -0.147430618822863 
-0.7229402858217103 -1.5481369443814597 
-1.696252634319451 -0.16211139549140013 
0.015755177240289464 -0.0002725422828343985 -0.00027254228283439845 0.015689825063019018 
0.036372811764338035 -0.03957874090313272 -0.03957874090313272 0.09847618849950178 
0.1294494955053686 0.017880164763783728 0.017880164763783728 0.015383603805763061 
0.04757651263829371 0.03713549055486878 0.03713549055486878 0.06519835561133794 
0.007321191030773633 0.0030230828664358387 0.0030230828664358387 0.0027906826425365652 
0.01307097845914597 0.002002537209273152 0.002002537209273152 0.007530380038836851 
0.09943010415527717 -0.03572711052057914 -0.03572711052057915 0.03167607803728011 
0.019364910918972633 -0.0027885941488903173 -0.0027885941488903173 0.007736199007005664 
0.10642213778834483
0.1771470354296487
0.2270412846393274
0.15776979546617315
0.03104080856716448
0.04836347106372965
0.18678293352120054
0.06543253352441057
389
