0.4888894458255693 -0.19011360489792248 
0.6559753186502285 0.34345108310060724 
1.8741720899386942 1.0112942672465466 
2.994858971480514 0.24386879181363616 
3.0494853106278614 -0.22673904134315695 
1.1170697760750212 0.933370903446946 
1.1629697517075799 0.822737387335847 
2.5444512940656954 0.7685653431362347 
0.011291102139344754 -0.001780639554825172 -0.001780639554825172 0.0034455294786011497 
0.03254487669684027 0.031566118584093 0.03156611858409299 0.05755978895151787 
0.046607261237072616 -0.005139301998551253 -0.005139301998551252 0.01009575727461698 
0.02106731986994578 -0.02662104521477236 -0.02662104521477236 0.06263754370254773 
0.004114662676544758 -0.0002734475839123442 -0.0002734475839123442 0.0013666719795507132 
0.0032486895112133094 0.003831606162033669 0.003831606162033669 0.00453080775528345 
0.05932800009831501 0.0241204015775086 0.0241204015775086 0.0178610239879353 
0.054515607005474226 -0.02703777666090692 -0.02703777666090692 0.025107699470671128 
0.04416197031372669
0.1722260300194557
0.16695198403949826
0.22203370870157724
0.03492446845529356
0.01832048539242282
0.1464434658696925
0.19493788720833294
.19491905945057658
