1.9057089340000022 0.5532281879999993 
0.894597 0.47909 0
0.836626 0.540135 0
1.855159 0.982728 0
2.410516 1.021271 0
2.643185 0.487639 0
1.198874 0.756141 0
1.788551 1.019807 0
2.118463 0.86992 0
2.979587 0.582003 0
1.946581 1.028924 0
0.473964 0.376703 0
2.869189 0.648587 0
1.977598 1.106632 0
1.027137 0.794693 0
0.852283 0.756129 0
3.136719 -0.023827 0
2.515197 0.874031 0
2.479713 0.786713 0
3.086994 0.205883 0
1.98656 1.177823 0
2.647549 0.605225 0
1.396442 1.051374 0
0.668724 0.514575 0
2.877444 0.369971 0
0.64958 0.222452 0
1.817292 1.116186 0
0.509432 0.125016 0
2.34509 0.832575 0
2.868153 0.685312 0
2.259986 0.94165 0
2.92879 0.547056 0
2.333228 0.908721 0
1.923042 0.938077 0
3.035266 0.065545 0
0.566261 -0.048659 0
0.485897 0.190118 0
1.262141 0.750204 0
3.092696 0.264297 0
2.051553 0.997196 0
1.850955 0.931083 0
2.00475 0.911766 0
2.170109 0.964672 0
2.542225 0.58404 0
0.582833 -0.121728 0
2.435599 0.737662 0
1.308102 0.922031 0
1.327404 0.901214 0
1.119955 0.766484 0
2.856469 0.537574 0
0.607898 0.376139 0
3.12038 -0.01231 0
2.693397 0.584809 0
1.887692 1.063596 0
1.045992 0.853774 0
1.139584 0.762489 0
2.971015 0.14083 0
0.361632 -0.103219 0
1.344226 0.770053 0
2.725293 0.592792 0
3.090417 0.030273 0
0.494546 -0.206699 0
2.569734 0.895766 0
3.198546 0.098663 0
1.551103 0.862322 0
0.441627 0.2043 0
2.061124 0.867822 0
3.270117 -0.019549 0
2.39822 0.793057 0
3.042072 -0.212608 0
1.190391 0.899367 0
1.153477 0.976473 0
1.668259 1.095768 0
2.985372 -0.263359 0
3.078182 0.226759 0
1.159093 0.821444 0
1.029079 0.612224 0
2.595748 0.823317 0
3.057481 -0.11533 0
3.195585 0.217265 0
2.53195 0.861128 0
2.891162 0.314307 0
1.17732 0.719809 0
1.086535 0.71432 0
2.323202 0.967391 0
1.451486 1.050419 0
0.720338 0.719253 0
0.544052 -0.276873 0
2.284107 0.941645 0
2.900151 0.54754 0
1.971591 0.935572 0
2.760501 0.479452 0
0.567747 -0.182083 0
2.327784 0.788755 0
2.847367 0.484803 0
2.625238 0.76692 0
0.833669 0.39261 0
2.529822 0.610584 0
1.873389 1.044998 0
3.093446 0.174109 0
3.10313 -0.214353 0
3.075219 0.253807 0
0.795046 0.782152 0
1.362534 0.926385 0
0.915761 0.528311 0
0.505287 -0.270632 0
2.975319 0.337889 0
2.540857 0.729323 0
3.155464 -0.17534 0
2.055069 1.040722 0
2.213653 1.035379 0
0.693523 0.299496 0
1.108927 0.892651 0
0.727225 0.558718 0
0.46045 -0.173207 0
0.513915 0.240406 0
1.119773 0.885964 0
2.934702 0.069973 0
0.375157 -0.190716 0
3.019415 -0.189829 0
1.075583 0.717995 0
3.036911 0.133687 0
2.584178 0.749855 0
2.209361 0.82336 0
3.160512 0.02099 0
3.10072 -0.274876 0
0.587925 -0.219753 0
1.596237 0.930857 0
0.796207 0.462889 0
2.088309 0.985077 0
0.656344 0.404706 0
0.729797 0.651898 0
2.819594 0.618371 0
1.523861 0.929849 0
0.813438 0.499488 0
2.598409 0.751378 0
0.681082 0.076383 0
1.741385 0.932117 0
2.197063 0.93677 0
3.091652 0.170022 0
3.058301 0.399367 0
0.334667 -0.250157 0
0.787727 0.519306 0
3.056859 -0.241483 0
0.737512 0.743334 0
2.845647 0.368477 0
0.712081 0.399883 0
1.234775 0.779705 0
0.433919 0.1522 0
1.008811 0.889493 0
1.113124 0.988766 0
1.807664 0.934041 0
2.606957 0.898282 0
2.556625 0.807275 0
2.617147 0.576172 0
1.927594 0.87982 0
3.003196 -0.08514 0
1.522712 1.048314 0
2.935967 0.258456 0
1.449523 1.127167 0
1.912534 1.173718 0
3.271144 -0.210341 0
2.862336 0.202858 0
0.537704 0.094801 0
3.111041 -0.085626 0
1.100086 0.90832 0
2.346189 0.754431 0
1.194445 0.800082 0
1.042943 0.73084 0
2.971048 -0.207461 0
1.772537 0.858228 0
2.954311 0.431861 0
3.039359 0.013921 0
2.052041 0.912156 0
0.708385 0.499492 0
0.767175 0.688618 0
2.998329 0.090914 0
2.997849 0.527987 0
3.070997 -0.259158 0
2.528742 0.999 0
1.936058 1.050049 0
2.813753 0.748004 0
2.817559 0.342899 0
0.892366 0.605376 0
2.92138 0.132071 0
0.981989 0.7069 0
2.774819 0.550149 0
0.407648 -0.059801 0
1.457127 0.999635 0
1.022645 0.68036 0
0.737806 0.531585 0
1.760962 0.925746 0
0.599614 -0.048371 0
0.409283 0.17561 0
0.97353 0.91857 0
1.141994 0.755274 0
1.279425 0.754724 0
2.769092 0.321366 0
1.746002 0.975604 0
3.068994 -0.139536 0
1.764458 0.917922 0
1.031616 0.880199 0
3.11543 -0.246048 0
3.176019 -0.235342 0
1.324055 0.805667 0
3.145178 0.336244 0
0.516094 0.013599 0
2.976822 0.549354 0
2.949605 0.422259 0
1.181048 1.007044 0
2.468129 0.743707 0
1.610168 1.165783 0
2.639357 0.942312 0
2.193195 0.911847 0
1.254659 0.884392 0
2.942258 0.522609 0
2.67866 0.645778 0
2.433767 0.684205 0
2.606005 0.768214 0
0.33807 -0.161682 0
2.165674 0.940389 0
1.454535 1.116077 0
0.913601 0.57317 0
0.441924 0.21629 0
2.843781 0.547739 0
1.744254 1.104869 0
2.450481 0.713141 0
2.016748 1.140571 0
2.834063 0.208999 0
3.185154 0.227714 0
1.799943 1.197661 0
0.733537 0.290693 0
0.550389 0.091737 0
0.589887 0.479238 0
1.99317 0.838228 0
0.929227 0.778333 0
2.688633 0.489903 0
0.757883 0.293873 0
2.790132 0.457715 0
2.887556 0.266205 0
1.36549 0.986902 0
3.284647 -0.201576 0
0.337991 0.033076 0
2.907768 0.531928 0
2.733823 0.543629 0
0.634515 0.605639 0
2.307051 0.807841 0
2.243251 0.858149 0
2.753024 0.774896 0
3.164613 -0.003183 0
0.66014 0.412315 0
1.748008 1.16384 0
2.953606 -0.122637 0
0.584315 0.513653 0
1.917023 1.146829 0
0.400588 -0.12108 0
1.440175 0.797649 0
3.27301 -0.152152 0
0.806276 0.776914 0
3.075592 -0.040451 0
2.995226 -0.295745 0
3.011753 0.012675 0
1.93326 1.054554 0
0.626703 -0.189479 0
2.657241 0.8771 0
3.011646 0.262782 0
0.961862 0.682913 0
2.565831 0.70298 0
3.116297 -0.015251 0
2.96532 0.400596 0
2.19484 1.091341 0
2.831914 0.477595 0
3.007922 0.082629 0
3.065949 0.32191 0
1.876442 0.905413 0
0.389024 0.034471 0
2.044635 0.916009 0
0.570165 0.474987 0
2.578628 0.71458 0
1.489524 0.982551 0
2.697155 0.804273 0
0.981532 0.649299 0
2.745696 0.611669 0
1.100758 0.915991 0
1.843897 0.91444 0
1.285585 0.93497 0
0.459061 -0.167056 0
3.065112 0.454074 0
3.023184 0.385574 0
0.786707 0.753854 0
2.898378 0.266352 0
2.033233 1.167509 0
2.046356 0.959571 0
1.03815 0.835998 0
0.73527 0.219011 0
3.208077 -0.060415 0
0.661399 0.195362 0
0.882929 0.507855 0
2.988368 0.349554 0
1.040192 0.828884 0
1.055578 0.752358 0
0.392923 -0.115525 0
2.489902 0.725421 0
3.242184 0.037777 0
3.249602 -0.074587 0
1.19429 0.737197 0
2.21116 0.795498 0
1.707319 0.885967 0
2.578115 0.649427 0
0.51264 0.453528 0
0.615986 -0.202915 0
1.716576 0.906833 0
0.849366 0.531738 0
2.927586 0.215691 0
0.851535 0.375876 0
0.657589 -0.121954 0
2.59986 0.821026 0
1.610616 0.991231 0
1.508324 0.859858 0
1.087624 0.900721 0
2.299208 0.774788 0
1.756737 1.003543 0
0.661726 0.178577 0
2.03305 0.920484 0
0.610342 0.099229 0
2.617839 0.748437 0
3.006676 0.05315 0
2.565319 0.783793 0
2.20515 0.785016 0
2.707997 0.76408 0
0.928034 0.744404 0
3.087379 0.320171 0
1.668675 1.183235 0
0.588198 0.193665 0
2.550241 0.946301 0
2.908209 0.490332 0
2.894515 0.329397 0
2.235725 1.076516 0
2.109366 0.858433 0
1.975354 1.083935 0
0.393889 -0.254022 0
2.544472 0.680395 0
1.39024 0.845066 0
0.518119 0.251596 0
1.157376 0.810814 0
0.46185 -0.163064 0
1.875692 1.141179 0
0.33858 -0.141718 0
2.139423 1.01696 0
2.721779 0.447631 0
2.89021 0.41914 0
0.779982 0.670682 0
2.697295 0.638198 0
2.751256 0.8375 0
1.380623 1.118696 0
1.770762 1.121578 0
3.047971 -0.030271 0
0.629114 -0.262579 0
2.986092 0.59604 0
2.705182 0.827996 0
1.009299 0.790149 0
2.92102 0.645935 0
0.689912 0.660834 0
3.120814 0.008876 0
2.929028 0.59103 0
2.796836 0.721854 0
0.534683 0.17828 0
1.504018 0.901565 0
3.000089 0.382407 0
2.378081 0.936452 0
0.928696 0.80834 0
0.479498 0.277619 0
1.869611 1.111386 0
2.280822 0.961432 0
0.632449 0.555655 0
1.359494 0.970224 0
1.156911 0.92182 0
3.065031 -0.081688 0
1.213865 0.876133 0
1.806231 0.95418 0
1.663 1.0032 0
1.704607 1.168839 0
0.467435 -0.19779 0
1.49085 1.005885 0
0.422939 0.283435 0
1.71409 1.042013 0
0.643729 0.615792 0
2.953743 0.609035 0
0.864634 0.43521 0
2.992191 -0.229084 0
1.737202 1.067869 0
0.330354 -0.018603 0
2.714618 0.755032 0
2.169914 0.971679 0
0.642524 0.173999 0
1.732914 1.037826 0
2.430283 0.699422 0
2.601666 0.755928 0
3.035965 0.249653 0
2.799268 0.555934 0
1.971314 0.921093 0
3.096314 0.412606 0
0.763954 0.507996 0
0.477675 0.403654 0
2.845965 0.247366 0
2.310074 0.894704 0
1.517753 1.142572 0
3.014569 -0.191204 0
2.818969 0.782511 0
1.163352 0.994322 0
3.004523 0.47837 0
0.624992 0.127774 0
1.085791 0.994106 0
2.875167 0.695326 0
2.278078 1.110568 0
3.179808 -0.215322 0
0.881116 0.57433 0
1.702512 0.918606 0
1.633228 1.172526 0
2.938198 0.475412 0
1.021957 0.666266 0
0.34848 0.064971 0
2.366223 0.822016 0
0.567058 0.525934 0
2.144187 0.998266 0
0.942681 0.611532 0
0.33573 -0.178796 0
2.662457 0.733025 0
2.557223 0.828895 0
2.456293 0.946532 0
0.728285 0.171581 0
2.290559 0.789496 0
3.094101 -0.182706 0
2.781836 0.357038 0
1.419321 0.935873 0
1.772669 1.021794 0
2.841276 0.592153 0
1.375257 0.822491 0
1.289883 0.93767 0
2.3759 0.718096 0
3.102213 -0.103641 0
0.875742 0.60704 0
1.819587 0.945843 0
1.527712 1.018874 0
2.371111 0.997778 0
2.360144 0.950712 0
0.39279 0.15258 0
3.228825 -0.006015 0
2.73616 0.527624 0
2.148338 0.898448 0
1.161934 0.874 0
1.213295 1.044319 0
0.907865 0.47433 0
0.776526 0.440405 0
0.840101 0.687966 0
2.848792 0.508145 0
3.120419 0.088697 0
2.968616 0.184322 0
2.109867 1.055217 0
1.922559 1.139738 0
3.06735 0.167251 0
2.796779 0.707683 0
2.953735 0.397621 0
0.3717 0.048438 0
1.990964 0.987024 0
1.05695 0.861224 0
0.414379 0.268009 0
2.748205 0.435442 0
2.975703 -0.194134 0
3.202423 -0.273979 0
0.658234 -0.015991 0
2.633614 0.826316 0
0.579171 0.198947 0
0.847194 0.393142 0
2.914859 0.627503 0
2.632552 0.833775 0
1.746069 1.023116 0
3.079411 0.482882 0
1.82837 1.099487 0
3.205866 -0.09612 0
2.464328 0.948676 0
0.627249 0.507736 0
1.115809 0.904754 0
2.373231 1.046793 0
0.763373 0.566066 0
2.873269 0.310935 0
0.627729 -0.299064 0
2.53631 0.713823 0
1.086626 0.818196 0
2.171664 1.140993 0
1.64953 0.910037 0
3.012516 0.191074 0
2.847601 0.724072 0
2.918505 0.218716 0
2.882437 0.280295 0
2.987732 -0.228316 0
3.108763 0.198164 0
1.833366 1.175833 0
3.066507 -0.256314 0
3.071702 0.306087 0
0.883698 0.399786 0
