-2.8134831434159016 0.4728126655049173 
-2.8537741449581127 0.54257972982008 
-1.8700630614513913 0.9444611878791677 
-1.2445517851413157 0.9470625679970386 
-0.9700769510408704 0.4671706810121275 
-2.5376685617924313 0.7494340069973151 
-1.9501814483163196 1.0237358868115471 
-1.6364409962607225 0.8851242956248406 
-0.7126995306439258 0.5391201599568358 
-1.7482382515774404 1.0300840579223125 
-3.21205467089544 0.41101315408775774 
-0.7513915445184832 0.6185972544218509 
-1.758952732719922 1.130139382193486 
-2.755677334064081 0.7367121923326065 
-2.9486924181121252 0.6983736869829323 
-0.5956794727725258 -0.22984476840249118 
-1.1424483876853837 0.8092281173890079 
-1.111259954645031 0.7555411012412474 
-0.5847462289437713 0.1841222671630166 
-1.687819807895736 1.1619675158804192 
-0.9903324926464855 0.7567942830433549 
-2.2423896669717656 1.0785646126499957 
-2.9859059011272446 0.527770664965565 
-0.8413275532884366 0.295253577178089 
-3.0039138295957746 0.2252306921887444 
-1.9976116911017539 1.1450840678823055 
-3.1262900893995886 0.14691990746542322 
-1.3649095599196266 0.7953525573747634 
-0.8937339593536737 0.7397615338240756 
-1.4559646068022363 0.8763453974908256 
-0.7494600113194869 0.4433372148970938 
-1.3472145369323163 0.9517140908754091 
-1.7562405065860172 0.9140581433384178 
-0.6744869894612566 0.04484858044053877 
-3.1148253037818954 -0.024367686534183138 
-3.253378530866621 0.21983082412231206 
-2.441350480089453 0.7616044682577631 
-0.6294177705254147 0.29270851211564025 
-1.637056903788904 1.003685854271795 
-1.9713243780441925 0.9080077933017644 
-1.6599669654123788 0.9086968653455221 
-1.5225367416157851 0.9969374752105262 
-1.1639634049083454 0.5972839748356945 
-3.0891744961349454 -0.19643844028144722 
-1.253966604556614 0.7261571284038595 
-2.5931344371453227 0.9191363259302721 
-2.369160371715236 0.9360776404898841 
-2.6525335726833568 0.6982746102648508 
-0.8268191913774416 0.3926972442250576 
-3.088418172389354 0.4482964067968472 
-0.7138514200561475 -0.19948357304182235 
-0.9735589085486215 0.5645886773564762 
-1.8499438888644926 1.1185986300775772 
-2.623583020876227 0.8940132968759325 
-2.52945939167207 0.8106447731805757 
-0.7829351060231684 0.19740084626186918 
-3.3359571471698146 -0.0912556487298143 
-2.3417624792970906 0.8107463210829692 
-0.9928440690084989 0.6319136307732145 
-0.5912110027201459 -0.051103296460564274 
-3.2165213132289385 -0.20641145727606428 
-1.060439452979187 0.876208890933586 
-0.4543847466554403 -0.07786057287781345 
-2.1465047300859577 0.9130159547105123 
0.0011344336341527774 0.0024095978270562398 0.0024095978270562398 0.006240562458642923 
0.005309336399931651 0.006515040816069114 0.006515040816069114 0.0082435816483863 
0.0004447793413995202 4.627963238844719e-05 4.627963238844719e-05 0.00044964768005327635 
0.009300263639973706 -0.009332945435491239 -0.009332945435491239 0.00956079666061507 
0.0028264639534231876 -0.0005287388298564681 -0.0005287388298564681 0.00042287289326123367 
0.000881180874230205 -0.0002859630942820815 -0.00028596309428208146 0.0002620503725766426 
0.0004900047583850305 -0.00021095875748949045 -0.00021095875748949045 0.0006692137347579861 
0.005444715536716397 -0.002630999496504268 -0.0026309994965042684 0.001464769342759777 
0.011349292585198022 -0.013938353988803897 -0.013938353988803897 0.017191109549733172 
0.0005412763619435327 -0.0006156348476245934 -0.0006156348476245936 0.000717265817126197 
0.0003127880456288881 0.0005531144118847067 0.0005531144118847067 0.001048278666261922 
0.005445749948646167 -0.005611645096278168 -0.005611645096278168 0.005816927574166884 
0.0008510997129418499 -0.0008551870586405499 -0.0008551870586405499 0.0009936679154822054 
0.0004819888857109356 -0.001172565500361906 -0.001172565500361906 0.0033570285670956918 
0.004847182005262875 0.003285601428414203 0.003285601428414202 0.0038038314436281634 
0.003666057356463001 -0.00012881308748717248 -0.00012881308748717243 0.0010355025281808018 
0.0002702432735916588 -0.00185099344576307 -0.00185099344576307 0.013059979672510979 
0.0009876824832463706 0.0010752076694563876 0.0010752076694563876 0.0020869333713557092 
0.003632711104899069 0.0019176356911861545 0.0019176356911861545 0.0010728095291063187 
0.00037349986374596566 -0.000129091914495574 -0.00012909191449557398 0.000246646358871493 
0.0010199599679254312 0.0004646958809153375 0.0004646958809153376 0.00023391544513109324 
0.002473337693107411 -0.0003271627754834009 -0.0003271627754834009 0.0025309536669275126 
0.004395507971108822 0.0002452648547630615 0.0002452648547630615 0.0005572018691130545 
0.003548000611203262 -0.002505268463581185 -0.002505268463581185 0.003099168615880379 
0.0019987253226025473 0.001479943147145043 0.001479943147145043 0.003280999390495929 
0.0040822679994665665 -0.0009650750353062419 -0.0009650750353062419 0.0010758806370541763 
0.003818497195359902 -0.0008421648869235273 -0.0008421648869235271 0.002904675695366628 
0.0011695758800238554 0.00015732548396411817 0.00015732548396411817 0.0005618908684861712 
0.00010157602259027618 0.00028155664361202194 0.00028155664361202194 0.000854911209901855 
0.0010149190619855354 0.00213915998427203 0.00213915998427203 0.004860302441423609 
0.0019738160854683045 -0.004777978389684637 -0.004777978389684637 0.012959597488377111 
0.0009784339287119042 0.0009314007198406919 0.000931400719840692 0.0017612542072773468 
0.003336270835641009 0.00024172369788041478 0.00024172369788041478 0.0003979689914872157 
0.0018319153464937863 -0.001860395337677297 -0.001860395337677297 0.0034652735928074447 
0.0027574127517290582 -0.0004944010051828569 -0.0004944010051828569 0.0006878733146576384 
0.0015213862996427227 0.0006070342388325713 0.0006070342388325713 0.002253443768044559 
0.00034281111489252236 -0.00020815061286963725 -0.00020815061286963717 0.00017037782194057567 
0.0013306988625568772 -0.004082601467493521 -0.004082601467493521 0.014559908129516592 
0.0006792571618284648 0.0008114984967906197 0.0008114984967906197 0.0019357894455126704 
0.0016416189287489793 -6.314788249455857e-05 -6.314788249455863e-05 0.0005475190085471365 
0.001438177969318259 0.002200468007087485 0.002200468007087485 0.0033883938848275736 
0.0008940675031500293 0.0007042675661853171 0.0007042675661853171 0.005504039695886285 
3.846212702137081e-05 -8.231014675824906e-05 -8.231014675824906e-05 0.00017614998406803613 
0.0008120425994860097 -0.00023222746238406243 -0.00023222746238406246 0.003896313028998374 
0.0011645944505340867 0.0004601753551711623 0.0004601753551711623 0.0008557921465788633 
0.003979474923226142 0.004874908094822018 0.004874908094822018 0.005999957299288448 
0.012645420387308575 0.00490966329866853 0.00490966329866853 0.002421226219492946 
0.0006766929314541813 0.0007375084423982684 0.0007375084423982684 0.0022049496188575233 
0.001148267194500576 -0.005022442316885498 -0.005022442316885498 0.02498219315588421 
0.001527133509345517 -0.0015813791043302757 -0.001581379104330276 0.0031462085472441594 
0.00031332612107815006 -0.00015455121025204636 -0.00015455121025204625 0.004063733418414665 
0.004542107840806875 -0.001161693213531037 -0.001161693213531037 0.0007122546301428245 
0.0009413258348008216 -0.0010590764887319314 -0.0010590764887319314 0.0025394973060463514 
0.003257979040163783 0.0010587434413231315 0.0010587434413231313 0.003393038893719468 
0.00029807450592480005 -0.00012868660748741796 -0.00012868660748741796 7.697263417591189e-05 
0.005995181729096015 -0.0006995029762889756 -0.0006995029762889756 9.887123528045565e-05 
0.0007256255807132692 0.00010310435275810183 0.00010310435275810176 0.011331764733313125 
0.0006858725809939762 0.0005204951876801849 0.0005204951876801848 0.0007534655318131267 
0.0007971907325404063 -0.00041188341202397834 -0.00041188341202397834 0.0002135623650923649 
0.0020071495152936616 0.002861366687861538 0.002861366687861538 0.0049945535148588705 
0.0008981460200349743 -0.0012458734930333607 -0.0012458734930333604 0.002016763810998088 
0.003928013600444856 -0.002436917098832302 -0.002436917098832302 0.0027375124403868703 
0.000835298204136743 -0.0014265631968841494 -0.0014265631968841494 0.007689186175562147 
0.0051016028177668545 0.004456412060040626 0.004456412060040626 0.004785254111488489 
0.02218626007848763
0.019622802029355655
0.010935211798000768
0.013981844788665498
0.012269521687388842
0.011891309689128408
0.01562188437977665
0.011238010423287776
0.015981379803022704
0.0079715798627145
0.006004460586800075
0.012746708273905212
0.009993753923078826
0.00876254907225554
0.026859938904880958
0.02672285357980945
0.00923603856450478
0.02782842123907394
0.01092461491592046
0.006000018537690975
0.0076633842269420525
0.01629979905019197
0.01892714160204475
0.019703870850405984
0.016794914953615906
0.01708073447633255
0.021787010518596873
0.015939128869533758
0.0073960696346841515
0.013132748050137642
0.03334301331366106
0.013516743145073706
0.011196604480389529
0.021566528624092432
0.0073708838300549145
0.019047749256168037
0.005980781224180285
0.026158427174770044
0.008754535795509838
0.016356012988623086
0.005817313689275833
0.024738070979928986
0.003980768715153217
0.016554992142314935
0.016075514988138456
0.02016978364405012
0.029881801793488913
0.014465496685556092
0.02880366643057514
0.013632280738553536
0.016128019456648556
0.017338293026388663
0.014849447431383533
0.025748712220614322
0.005884216294619694
0.007309856488329278
0.030241380866260353
0.00798693723274878
0.005987671611547787
0.023877795766265968
0.013989970412498807
0.016840821163798078
0.018562164909469006
0.016339779109634685
99
