0.886516856584097 0.47281266550491746 
0.8462258550418895 0.5425797298200802 
1.8299369385486082 0.9444611878791667 
2.4554482148586847 0.9470625679970394 
2.7299230489591255 0.46717068101212716 
1.1623314382075691 0.7494340069973152 
1.74981855168368 1.023735886811547 
2.063559003739267 0.8851242956248425 
2.987300469356071 0.5391201599568383 
1.9517617484225598 1.030084057922313 
0.4879453291045599 0.4110131540877579 
2.9486084554815157 0.6185972544218515 
1.9410472672800785 1.1301393821934858 
0.9443226659359183 0.7367121923326072 
0.7513075818878775 0.6983736869829323 
3.1043205272274745 -0.22984476840249113 
2.5575516123146165 0.8092281173890018 
2.58874004535497 0.7555411012412481 
3.1152537710562296 0.1841222671630169 
2.0121801921042635 1.1619675158804192 
2.709667507353515 0.756794283043355 
1.4576103330282355 1.0785646126499955 
0.7140940988727577 0.527770664965565 
2.858672446711569 0.29525357717808437 
0.6960861704042247 0.2252306921887445 
1.7023883088982477 1.1450840678823053 
0.5737099106004095 0.1469199074654248 
2.3350904400803727 0.7953525573747636 
2.8062660406463267 0.7397615338240756 
2.2440353931977626 0.8763453974908239 
2.9505399886805135 0.4433372148970917 
2.3527854630676837 0.9517140908754085 
1.9437594934139697 0.9140581433384174 
3.02551301053874 0.04484858044054166 
0.5851746962181049 -0.024367686534183076 
0.44662146913337775 0.21983082412231145 
1.2586495199105474 0.7616044682577628 
3.0705822294745833 0.2927085121156408 
2.0629430962110957 1.0036858542717957 
1.7286756219558073 0.9080077933017643 
2.040033034587626 0.9086968653455205 
2.1774632583842144 0.9969374752105257 
2.5360365950916552 0.5972839748356944 
0.6108255038650561 -0.19643844028144722 
2.446033395443385 0.7261571284038594 
1.1068655628546762 0.9191363259302705 
1.330839628284765 0.9360776404898835 
1.0474664273166425 0.6982746102648505 
2.8731808086225543 0.3926972442250812 
0.6115818276106468 0.44829640679684757 
2.986148579943853 -0.1994835730418223 
2.7264410914513753 0.5645886773564766 
1.8500561111355078 1.1185986300775772 
1.076416979123774 0.8940132968759337 
1.1705406083279293 0.8106447731805756 
2.9170648939768298 0.19740084626186957 
0.36404285283018645 -0.09125564872981448 
1.3582375207029087 0.8107463210829691 
2.707155930991502 0.6319136307732145 
3.1087889972798535 -0.05110329646056647 
0.4834786867710625 -0.20641145727606433 
2.6395605470208126 0.8762088909335858 
3.2456152533445595 -0.07786057287781355 
1.5534952699140419 0.9130159547105124 
0.0011344336341527785 0.0024095978270562463 0.0024095978270562463 0.006240562458642945 
0.005309336399931668 0.006515040816069137 0.006515040816069137 0.008243581648386327 
0.000444779341399518 4.627963238842894e-05 4.627963238842894e-05 0.0004496476800532671 
0.009300263639973704 -0.009332945435491243 -0.009332945435491239 0.009560796660615087 
0.00282646395342286 -0.0005287388298565131 -0.0005287388298565132 0.00042287289326123774 
0.0008811808742302073 -0.00028596309428208005 -0.00028596309428208005 0.0002620503725766426 
0.00049000475838503 -0.00021095875748949043 -0.00021095875748949045 0.0006692137347579857 
0.005444715536717814 -0.002630999496504779 -0.002630999496504779 0.0014647693427598735 
0.01134929258519805 -0.013938353988803906 -0.013938353988803904 0.017191109549733158 
0.0005412763619435297 -0.0006156348476245898 -0.0006156348476245898 0.0007172658171261929 
0.0003127880456288854 0.0005531144118847045 0.0005531144118847045 0.0010482786662619219 
0.005445749948646214 -0.005611645096278224 -0.005611645096278223 0.005816927574166953 
0.0008510997129418499 -0.0008551870586405499 -0.0008551870586405499 0.0009936679154822052 
0.00048198888571092776 -0.001172565500361889 -0.001172565500361889 0.0033570285670956623 
0.0048471820052629015 0.003285601428414224 0.003285601428414224 0.003803831443628181 
0.0036660573564629923 -0.000128813087487171 -0.00012881308748717107 0.0010355025281808014 
0.00027024327359165214 -0.0018509934457630048 -0.0018509934457630048 0.01305997967251066 
0.0009876824832463897 0.0010752076694564025 0.0010752076694564025 0.0020869333713557313 
0.0036327111048990194 0.0019176356911861246 0.0019176356911861246 0.0010728095291063031 
0.0003734998637459657 -0.00012909191449557398 -0.00012909191449557398 0.000246646358871493 
0.0010199599679254342 0.0004646958809153391 0.0004646958809153391 0.0002339154451310938 
0.002473337693107417 -0.0003271627754834418 -0.00032716277548344193 0.0025309536669275334 
0.004395507971108797 0.00024526485476305534 0.00024526485476305534 0.0005572018691130554 
0.003548000611203354 -0.0025052684635813323 -0.0025052684635813323 0.0030991686158804922 
0.0019987253226025647 0.001479943147145055 0.0014799431471450549 0.0032809993904959218 
0.004082267999466628 -0.0009650750353062574 -0.0009650750353062574 0.0010758806370541785 
0.0038184971953599193 -0.0008421648869236423 -0.0008421648869236421 0.0029046756953667457 
0.0011695758800238515 0.0001573254839641191 0.00015732548396411904 0.0005618908684861702 
0.00010157602259027782 0.00028155664361202254 0.00028155664361202254 0.0008549112099018495 
0.0010149190619855334 0.002139159984272032 0.002139159984272032 0.004860302441423619 
0.0019738160854682898 -0.004777978389684571 -0.004777978389684571 0.012959597488376773 
0.0009784339287118864 0.00093140071984067 0.00093140071984067 0.0017612542072773239 
0.003336270835639869 0.00024172369788051187 0.00024172369788051185 0.0003979689914872814 
0.001831915346494504 -0.0018603953376775365 -0.0018603953376775365 0.003465273592807268 
0.002757412751729056 -0.000494401005182864 -0.0004944010051828639 0.0006878733146576423 
0.001521386299642677 0.0006070342388325742 0.0006070342388325742 0.0022534437680445905 
0.00034281111489251845 -0.00020815061286963565 -0.00020815061286963565 0.00017037782194057556 
0.0013306988625568813 -0.0040826014674935265 -0.0040826014674935265 0.01455990812951661 
0.0006792571618284844 0.000811498496790604 0.000811498496790604 0.001935789445512524 
0.0016416189287489892 -6.314788249455738e-05 -6.314788249455734e-05 0.0005475190085471358 
0.0014381779693174537 0.002200468007086146 0.002200468007086146 0.003388393884825475 
0.0008940675031500476 0.0007042675661853526 0.0007042675661853525 0.005504039695886323 
3.846212702137368e-05 -8.231014675825204e-05 -8.231014675825205e-05 0.00017614998406803605 
0.0008120425994860099 -0.00023222746238406287 -0.0002322274623840629 0.0038963130289983664 
0.001164594450534068 0.0004601753551711588 0.0004601753551711588 0.000855792146578864 
0.003979474923226165 0.0048749080948220355 0.004874908094822036 0.005999957299288458 
0.012645420387308327 0.004909663298668436 0.004909663298668436 0.002421226219492911 
0.000676692931454195 0.0007375084423982701 0.0007375084423982703 0.0022049496188575315 
0.0011482671945004799 -0.005022442316884843 -0.005022442316884843 0.024982193155880534 
0.001527133509345518 -0.0015813791043302748 -0.0015813791043302748 0.0031462085472441738 
0.0003133261210781444 -0.00015455121025205137 -0.00015455121025205126 0.004063733418414685 
0.00454210784080694 -0.001161693213531036 -0.001161693213531036 0.0007122546301428195 
0.0009413258348008176 -0.0010590764887319323 -0.001059076488731932 0.002539497306046358 
0.003257979040163847 0.0010587434413230714 0.0010587434413230714 0.0033930388937194246 
0.0002980745059248059 -0.00012868660748741975 -0.00012868660748741972 7.697263417591193e-05 
0.00599518172909599 -0.0006995029762889655 -0.0006995029762889655 9.88712352804529e-05 
0.0007256255807132704 0.00010310435275809444 0.00010310435275809439 0.011331764733313083 
0.0006858725809939682 0.000520495187680184 0.000520495187680184 0.0007534655318131266 
0.0007971907325404162 -0.00041188341202398084 -0.00041188341202398084 0.0002135623650923649 
0.0020071495152937393 0.0028613666878616467 0.0028613666878616467 0.0049945535148590145 
0.0008981460200349719 -0.0012458734930333602 -0.0012458734930333602 0.0020167638109980872 
0.003928013600444767 -0.0024369170988322694 -0.0024369170988322694 0.002737512440386894 
0.0008352982041367473 -0.0014265631968841538 -0.0014265631968841538 0.007689186175562145 
0.005101602817766819 0.004456412060040611 0.004456412060040611 0.004785254111488487 
0.022186260078487632
0.019622802029355638
0.010935211798000851
0.013981844788665586
0.012269521687388395
0.011891309689128406
0.015621884379776652
0.01123801042328654
0.01598137980302313
0.007971579862714497
0.006004460586800073
0.01274670827390532
0.009993753923078828
0.008762549072255476
0.026859938904881
0.026722853579809427
0.00923603856450552
0.02782842123907322
0.010924614915920538
0.006000018537690975
0.007663384226942048
0.016299799050192118
0.018927141602044655
0.019703870850407416
0.016794914953615857
0.01708073447633262
0.021787010518597272
0.015939128869533744
0.007396069634684183
0.013132748050137895
0.03334301331366054
0.013516743145073628
0.011196604480386993
0.021566528624094305
0.007370883830054922
0.019047749256167715
0.005980781224180285
0.02615842717477002
0.008754535795510023
0.01635601298862311
0.005817313689278932
0.024738070979929135
0.003980768715153124
0.016554992142314925
0.016075514988138445
0.02016978364405056
0.029881801793488594
0.014465496685556183
0.028803666430572937
0.013632280738553663
0.01612801945664847
0.017338293026388677
0.014849447431383453
0.025748712220614003
0.005884216294619683
0.007309856488329062
0.03024138086626034
0.007986937232748776
0.005987671611547787
0.023877795766265718
0.013989970412498807
0.016840821163798
0.01856216490946899
0.016339779109634665

