-2.8246348830320787 0.44093115689607176 
-2.696399118164793 0.6731851847358954 
-1.8149526322562795 0.9170033591415055 
-1.2177282545240589 0.9201049981852645 
-0.9574798261962594 0.5336857446945896 
-2.391266703267782 0.7847380709627205 
-1.9471063233468553 0.9962652047487922 
-1.6728530000425723 0.8530249999814595 
-0.7131153140180441 0.40009500597060477 
-1.642906309756196 0.9891583819389888 
-3.2864500159489656 0.18655721370058762 
-0.7684539101980855 0.6222327907672998 
-1.7947125014599101 1.0966580262616148 
-2.626013427925075 0.8868657615390002 
-2.9475280347723163 0.6994036314838089 
-0.5915959192409848 -0.12331232589400722 
-1.1123523293325142 0.7640526032128253 
-1.150962819819118 0.7331039681609052 
-0.6498811676659643 0.16436976747553286 
-1.689473933148531 1.1608881075057056 
-1.0084851378886999 0.6079681787902902 
-2.2260011568077425 1.0348759675821662 
-3.0447445207955295 0.5172552939901598 
-0.8271089337574778 0.27951711068333257 
-3.0824031904966147 0.15258849164876195 
-2.0277253178063095 1.170971804742917 
-3.2209078567171168 -0.18487099021031414 
-1.3852296422208688 0.7989353065711784 
-0.9831693901143784 0.8000113010567066 
-1.5319258629794916 0.9584758225443031 
-0.8564811371839389 0.5033282561344835 
-1.4001590815029221 0.952171370061024 
0.0007265839614095033 0.0011909431681688429 0.0011909431681688429 0.002830094702998466 
0.05940528056691924 0.050008767261300144 0.050008767261300144 0.04316727078311025 
0.109987613300401 -0.0033344153104587194 -0.0033344153104587194 0.00015548129651503302 
0.004732196865461531 -0.005879309785318817 -0.005879309785318819 0.00735620855446028 
0.003830822580858708 0.0020481728391102965 0.0020481728391102965 0.0011812918796321613 
0.019139785039197624 0.006409483276940799 0.006409483276940798 0.002590876507398451 
0.0037582972962940577 -0.0005240567943761202 -0.0005240567943761204 0.0051491813518771525 
0.0011544365296529827 0.0005027576692843739 0.0005027576692843739 0.00021895120912384484 
0.007049252791773343 -0.006601028418437342 -0.006601028418437343 0.009176847538019294 
0.008910729817948493 0.004916307512777002 0.004916307512777002 0.003659143842176021 
0.0026074948196144715 0.006389940979238323 0.006389940979238323 0.018780361286204243 
0.010254704186201247 -0.012130017530385903 -0.012130017530385903 0.014722754133471612 
0.0034414000015877367 -0.0008945257029606023 -0.0008945257029606023 0.0020491968403444404 
0.006301783936829143 0.0048205889949701625 0.0048205889949701625 0.006220719863114823 
0.005488188092547853 0.0037955850488828563 0.0037955850488828567 0.004170075912867779 
0.008291374501354419 0.0026068767103286875 0.002606876710328687 0.012100212968505084 
0.001195214512473743 0.0023611077128708516 0.002361107712870851 0.008041928957852095 
0.012827303562108391 0.0020887245157924445 0.0020887245157924445 0.0006063700931121411 
0.003989837012044358 0.002307078988101539 0.002307078988101539 0.0067796861311250605 
0.02037224373030806 -0.003188472614774505 -0.003188472614774505 0.0006209559560188139 
0.004539635757757327 0.0004471758804808942 0.0004471758804808943 0.000558541623769244 
0.0023702781968641473 -0.0017472749248049516 -0.0017472749248049516 0.005206849221521343 
0.006462480016544257 0.0016730258718067599 0.0016730258718067599 0.0009938960105240486 
0.002655443285770963 -0.001918290737150289 -0.001918290737150289 0.004658024830016621 
0.006822942738772151 0.0038051580413575345 0.0038051580413575358 0.012307810437492843 
0.002431232962129315 -6.983743033518569e-05 -6.983743033518569e-05 4.640515167761677e-05 
0.011367608109743238 -0.00196064876965904 -0.00196064876965904 0.0037259414795174817 
0.006669595711022441 -0.0007431606324295839 -0.0007431606324295839 0.0008150881067414118 
0.015492762208580447 -0.015259585711354814 -0.015259585711354813 0.015206007158923791 
0.0018359083433029044 0.0031870158028452647 0.0031870158028452647 0.005572476786014809 
0.00586957866431449 0.00317183493487257 0.00317183493487257 0.002079760292927794 
0.00443994597418936 0.0006983074845059844 0.0006983074845059844 0.0004585412761250319 
0.017253330067051768
0.08159327115227637
0.03870286337799723
0.014972852422724347
0.013409473094014425
0.028844348199407278
0.044598164128429166
0.003999999989735302
0.04340751775620752
0.025973777670532674
0.029484340865256673
0.030062011521188592
0.02798295696891922
0.05509040548808942
0.02711210917061009
0.09614889133592786
0.03187456910507869
0.029598055898874525
0.04023547372015962
0.012956308745091225
0.016627186726906384
0.022276125603908976
0.023124029003414575
0.03720709429860857
0.049594585096627196
0.009490299821540796
0.04954171861002284
0.02701834157752732
0.018955565458851922
0.013098927024850063
0.02238294484527656
0.017382461254892775
2
