1.7476641133097173 -0.5460595553218416 
-1.4141506212958923 -1.204368745799388 
1.3249160030765572 -1.326067673458621 
1.2872196915425664 -1.0084519347974092 
0.9857121880487221 -1.2076063173941716 
1.492632628834458 -0.41042760525057265 
-1.2553111672277704 -1.381776632820713 
-1.7021046553076562 -0.17094854098677487 
1.7180028278709913 -0.06614139432948686 
-1.6518782708275777 -0.919617363670571 
0.3435726920831474 -1.5148878864014312 
-0.11251918093384398 -1.8013541608683672 
1.608255293066037 -0.4218737352749241 
-1.2369803287303727 -0.9869996313111913 
-0.933714356138592 -1.2217262524874812 
-0.700150559517599 -1.5769015907414752 
1.627365508646835 -0.9014653857901105 
-1.6856587287193874 -0.4319533123431908 
-0.5314712808563873 -1.8310538354762511 
0.9159547713355458 -1.5028158536278649 
0.05396568380548945 -1.6577460665661512 
-1.5112400713687943 -0.6406599890403644 
0.6850630863122713 -1.597578335529587 
-1.4265467875067541 -0.9894619030563757 
-1.0500979666508619 -1.464777775187049 
-0.5433409378130499 -1.6677717319634653 
-0.5788421355280611 -1.5183981766581511 
-1.1439643999699711 -1.5321561622020867 
-0.30812302149407145 -1.8029914132580727 
0.3584686969900704 -1.734853048710652 
1.8148122893020264 -0.20630945320475508 
-0.8585593311571754 -1.6544188740669963 
0.004518315501417288 0.0040621878180355795 0.0040621878180355795 0.02059582965592904 
0.005054568184286875 -0.0013471844669754596 -0.0013471844669754596 0.003304991796608677 
0.02995638061371298 0.02962893798382175 0.029628937983821754 0.032259858706689404 
0.004542352147183604 0.0007799601792117963 0.0007799601792117961 0.018354282998225904 
0.008247051713956888 0.003432721966628152 0.0034327219666281513 0.0030709457388907444 
0.0031761899976442925 0.005879590497416905 0.005879590497416905 0.016122942626308943 
0.0022870724438938082 0.0011101432742188458 0.0011101432742188458 0.0012825947653735854 
0.019191921951390526 -0.0026597378217446616 -0.0026597378217446616 0.008452380064786515 
0.01620343359274 0.0028194700550862894 0.0028194700550862894 0.0013652217579686056 
0.0032920721815318144 -0.006220741499321588 -0.006220741499321588 0.019621682997711446 
0.00836774893938829 0.002200582409458219 0.002200582409458219 0.0013982001253975277 
0.002670396650354232 0.0018078346225367694 0.0018078346225367694 0.007960205847472045 
0.0022539366929697573 0.007321523398583434 0.007321523398583434 0.03717430081322004 
0.002885751838616619 -0.0019343637323271377 -0.001934363732327137 0.0051310014882703205 
0.003445677386914505 -0.004607882035749606 -0.004607882035749607 0.006491207882878704 
0.00047952875426935136 0.00025689494059561206 0.00025689494059561206 0.00015212424216226218 
0.0023080844157883675 -0.0009196684778758057 -0.0009196684778758057 0.0006176557540463094 
0.01963853345417639 0.0023295492141350285 0.0023295492141350276 0.0030852263190271454 
0.011932949495635822 -0.000769818519561129 -0.000769818519561129 0.0004933472997889247 
0.012525516288146644 0.015673605760705443 0.01567360576070544 0.023415217236708436 
0.0036890173300310417 -0.0010756047797493172 -0.0010756047797493183 0.012127460329762965 
0.011797448731322062 -0.008260841853900015 -0.008260841853900015 0.012371193262227475 
0.004619987190422373 0.0013051757870163729 0.0013051757870163729 0.014287385744393383 
0.00421247218485237 -0.0029192866955049224 -0.0029192866955049224 0.00327587636977747 
0.0021695050458930202 -0.0021207211047820297 -0.0021207211047820297 0.013365263587468075 
0.008310406517741712 0.003036864370583315 0.0030368643705833143 0.0012320463080916454 
0.06650776085186108 -0.01787821370346819 -0.017878213703468187 0.010708857714635207 
0.000794525559318343 -0.0005139696234603442 -0.0005139696234603443 0.00039073527528897653 
0.0014104408015455352 -0.0026947961025618303 -0.0026947961025618303 0.006842604309885051 
0.03508043993029838 0.004852382914117471 0.004852382914117471 0.007696057249458326 
0.002521417390031946 0.0011186427968264256 0.0011186427968264256 0.0005267643362921417 
0.0010370225684422495 -0.0008837870407408559 -0.0008837870407408559 0.0016838132311712737 
0.04837857224151104
0.01747386949994444
0.057495292486981375
0.0549338526789959
0.03873098189517988
0.042950169835986346
0.011129817123434072
0.07818464460433788
0.01932831871478996
0.028305560889238527
0.016259261212351054
0.018676504706926705
0.047830464942385034
0.020237812090832218
0.010136976990132312
0.007555432564027822
0.01060291018899787
0.02135691064694304
0.02406131394729394
0.033037635766738335
0.028229712882437995
0.05698238844210065
0.02365756303008806
0.015451351230096676
0.02624346355330585
0.010988446852144472
0.08522240295746558
0.007495796000156178
0.01407928798066679
0.10357446300937986
0.011760594874354192
0.009648226160775993
