0.8753649314240428 0.4409304276725281 
1.0034875582428446 0.6730889139943923 
1.8841804721685629 0.9170320520472582 
2.482089077228639 0.9203614282913521 
2.74252991633306 0.5336898899915942 
1.308755118928643 0.7847521459940628 
1.7528963324061562 0.9964292607002264 
2.027146191885462 0.8530246480657261 
2.986519218757152 0.4004319135751357 
2.0572435864405985 0.989232120972378 
0.4135512088959845 0.18655837763657912 
2.9315870686999173 0.6221774047722012 
1.9053501997310653 1.0966106461407725 
1.073985346810124 0.8868654089801273 
0.7524715826363251 0.6994034460821109 
3.1084068996097645 -0.12334220964739184 
2.587718309124635 0.7645725459256123 
2.5490841185519573 0.7331104561356441 
3.050454305688135 0.16466600246514715 
2.010349916177948 1.1609103960734088 
2.691118636457896 0.6079480566199875 
1.474033444943501 1.0349564561710292 
0.655256088966003 0.5172554924934204 
2.8728664061279168 0.2795613843725269 
0.6176060463866763 0.1525798541091348 
1.6722653054065186 1.1709716910133465 
0.4790935359663249 -0.18486962475227192 
2.314764034560901 0.7989308200502525 
2.71676645614436 0.8000767081985809 
2.168066342717257 0.958446298501766 
2.84356732345607 0.5033869027551521 
2.29996351939657 0.9521484504855108 
0.0007265830199122909 0.0011909319727699732 0.0011909319727699734 0.002830042747623822 
0.0593877067961527 0.04999347049236521 0.04999347049236521 0.04315388823486265 
0.1095814817631698 -0.0033185942202739824 -0.0033185942202739824 0.00015532766302311384 
0.0047230415501902726 -0.005865255717122235 -0.005865255717122235 0.0073349107762074525 
0.003830172721723433 0.002047718341532631 0.0020477183415326316 0.0011809887947423423 
0.01914452829048884 0.006411344641316717 0.006411344641316717 0.002591854396398914 
0.00374737735504584 -0.0005235480191583932 -0.0005235480191583932 0.005154214432719921 
0.001154436565963674 0.0005027576851444368 0.0005027576851444368 0.0002189512160513229 
0.006948556635694589 -0.006501505662221943 -0.006501505662221943 0.009072613593482205 
0.008909044949864584 0.004917543974378294 0.004917543974378294 0.003661247274312798 
0.0026075409723615595 0.006390013457674803 0.006390013457674803 0.01878058606618957 
0.010259427028777357 -0.012136289468876635 -0.012136289468876635 0.014730955201331131 
0.0034319618590146167 -0.0008925786096181521 -0.0008925786096181521 0.0020493595752965428 
0.006301711690622135 0.004820597665253027 0.004820597665253027 0.0062207065213012325 
0.005488219847398934 0.003795653254169629 0.003795653254169628 0.0041701550951189935 
0.008292781964254828 0.0026077320827239112 0.002607732082723912 0.0120964143636849 
0.0011922646598851393 0.0023432960134152766 0.0023432960134152766 0.007999869128213764 
0.012824965143707779 0.0020885997730740423 0.0020885997730740423 0.0006064488808856951 
0.004020041427000391 0.002316339339064358 0.002316339339064357 0.006796005251684333 
0.02035479161542947 -0.003184193673793603 -0.003184193673793603 0.0006201578017569365 
0.004650633339372666 0.00045357345959512143 0.0004535734595951213 0.0005577388633700157 
0.0023780206124875618 -0.001744314732887958 -0.001744314732887958 0.005198262062053276 
0.0064624008288498465 0.0016729842186127134 0.0016729842186127134 0.000993875548611773 
0.002654019419138171 -0.0019158098211202181 -0.0019158098211202181 0.004654286320898467 
0.0068219991339236894 0.003805530749873453 0.003805530749873453 0.01230547899961991 
0.0024310737448088693 -6.979380339802534e-05 -6.979380339802533e-05 4.640046622884746e-05 
0.011367689872095889 -0.0019605303778431104 -0.0019605303778431104 0.00372604272406604 
0.006668203597565077 -0.0007440658626283442 -0.0007440658626283442 0.0008155390028172501 
0.015481703685619075 -0.015249047526602999 -0.015249047526602999 0.01519607800640216 
0.0018335544520894146 0.0031829778478494634 0.0031829778478494634 0.005565741645444514 
0.005865389335639479 0.0031703822060142055 0.0031703822060142055 0.002080499276105655 
0.004426544615733751 0.000697347360641794 0.000697347360641794 0.0004606182652234201 
0.017253207381091325
0.08157883734564632
0.03876689004829711
0.014939516160308829
0.013413085539351211
0.02885319139298704
0.04453031470789989
0.003999805958194136
0.04316564864697303
0.02596130764107615
0.0294853294525302
0.030066122677775885
0.027963711427825978
0.055089038522374276
0.027112129317873022
0.09613242972920814
0.0318451097811549
0.02960875180020585
0.04043446885625274
0.012960305971354166
0.01673463469724668
0.022286081104380843
0.02312386559592679
0.03719409853959375
0.049588651613712884
0.009488920953522524
0.049542499630400805
0.02701955548249037
0.018948388734718914
0.013112775947316016
0.02241909828296685
0.017382227059343364
054380698
0.017390982154308017
