0.6145221514410665 0.22055609723750025 
1.277820781462372 0.8752223184893279 
2.2856802123147633 0.8780730006784148 
2.9872901722977114 0.21105788551271815 
0.0310657280125527 0.03660422547448551 0.03660422547448552 0.08857270009240888 
0.10565189393788782 0.03790268435084881 0.03790268435084881 0.023163304455404418 
0.11994200883808169 -0.044400623196205816 -0.044400623196205816 0.027110321592220838 
0.021525979096004417 -0.030008398721057077 -0.030008398721057077 0.08651254936218362 
0.20989130864534042
0.22331309820269313
0.2876397982478617
0.279155794904105
