1.6356082400557477 -0.4508698219314485 
-1.478724507469286 -0.7446371848043463 
-0.18017539790290918 -1.6688006552521002 
1.0574546014257802 -1.3266403691462052 
1.757181 -0.574882 0
-1.415069 -1.334518 1
1.358793 -1.298014 3
1.274233 -0.900829 3
1.309022 -1.124469 3
1.577081 -0.371964 0
-1.320212 -1.412346 1
-1.718445 -0.388723 1
1.796066 -0.016532 0
-1.687226 -0.710239 1
0.467559 -1.586733 3
-0.073598 -1.914745 2
1.504107 -0.399662 0
-1.190474 -1.094872 1
-0.672019 -1.565179 2
-0.592864 -1.577651 2
1.540479 -1.174352 3
-1.560641 -0.584289 1
-0.552366 -1.854381 2
0.668853 -1.422326 3
0.008525 -1.723827 2
-1.566243 -0.650491 1
0.558539 -1.571734 3
-1.453591 -0.672614 1
-1.030054 -1.483281 1
-0.533389 -1.659286 2
-0.433365 -1.629555 2
-1.054801 -1.639245 2
-0.292768 -1.899551 2
0.367722 -1.791486 2
1.763692 -0.223244 0
-0.861986 -1.630256 2
1.640696 -0.538581 0
-1.791145 -0.057825 1
1.797752 -0.216696 0
0.321906 -1.499371 2
1.56367 -0.770138 0
-0.397953 -1.616761 2
-0.426052 -1.575558 2
-0.923797 -1.24438 1
-1.096698 -1.348373 1
1.327382 -1.143351 3
1.361512 -1.056479 3
-0.037194 -1.562465 2
0.132974 -1.782594 2
0.288976 -1.717594 2
-1.196789 -1.375582 1
0.15498 -1.782555 2
1.55726 -0.999805 0
1.668411 -0.9464 0
1.610462 -0.87623 0
-1.524242 -0.575052 1
-1.413647 -0.783857 1
-1.604108 -0.172357 1
-1.359327 -0.897538 1
-1.522781 -0.723548 1
0.933538 -1.485015 3
0.999107 -1.240768 3
1.704009 -0.194081 0
1.53256 -0.190563 0
0.248221 -1.653549 2
-1.151205 -1.537719 1
1.678971 -0.131204 0
0.582774 -1.802602 3
-1.552495 -0.078252 1
1.736502 -0.825221 0
0.441059 -1.890789 2
0.425364 -1.755746 2
0.999846 -1.649427 3
0.351 -1.559744 2
-1.55857 -1.121606 1
1.495222 -0.387884 0
1.855329 -0.191417 0
1.655304 -0.663608 0
0.973898 -1.220694 3
1.516323 -0.363115 0
-0.490846 -1.823011 2
-1.36252 -1.206252 1
1.18839 -1.006286 3
-1.833831 -0.207748 1
1.483619 -0.410322 0
-1.644364 -0.457782 1
1.734938 -0.494017 0
-0.071709 -1.645725 2
0.885564 -1.591521 3
-0.562728 -1.611124 2
-1.173416 -1.503662 1
-1.046949 -1.385482 1
-1.582039 -0.096528 1
-0.695408 -1.64931 2
1.620848 -0.186217 0
0.390876 -1.476206 2
-1.570157 -0.628913 1
0.591189 -1.644959 3
-0.592797 -1.489156 2
1.257389 -0.823024 0
0.20426 -1.64096 2
-0.545507 -1.4356 2
0.276518 -1.759976 2
-0.163695 -1.766652 2
-0.128213 -1.777051 2
-1.699507 -0.122116 1
0.367088 -1.6974 2
0.177216 -1.819876 2
0.745414 -1.789083 3
-1.428297 -0.963476 1
-0.249243 -1.888115 2
-1.496772 -1.168367 1
1.506344 -0.45682 0
1.75959 -0.615505 0
1.163692 -1.238882 3
-0.5951 -1.677703 2
1.123914 -1.524692 3
-1.653198 -0.286334 1
-1.761234 -0.185407 1
-0.502002 -1.841709 2
-1.932561 -0.084044 1
1.887235 -0.081715 0
-1.482772 -0.259392 1
0.517963 -1.733806 3
-1.580422 -0.558797 1
-0.919641 -1.62483 2
-1.882813 -0.473378 1
-1.104609 -1.388977 1
-1.688466 -0.560052 1
1.368067 -1.239846 3
1.003006 -1.224293 3
-1.838002 -0.201284 1
-0.901671 -1.450084 2
1.836034 -0.057195 0
0.600224 -1.69188 3
0.343062 -1.839013 2
1.623432 -0.447689 0
0.671299 -1.708277 3
-0.367782 -1.631906 2
-1.656257 -0.24249 1
0.176964 -1.829092 2
-0.854473 -1.527447 2
0.633789 -1.789252 3
0.040058 -1.775853 2
0.687261 -1.735595 3
-0.672704 -1.499315 2
1.518582 -0.121733 0
-0.725332 -1.432865 2
-1.857392 -0.509551 1
1.267899 -1.106542 3
-1.051964 -1.468481 1
0.412597 -1.681352 2
-0.05313 -1.7532 2
-0.98965 -1.569274 2
-0.01902 -1.557005 2
1.145782 -1.430733 3
-0.325181 -1.786227 2
-1.276477 -0.851898 1
0.517625 -1.66833 3
1.363424 -0.630854 0
-1.111066 -1.476324 1
0.947986 -1.424566 3
1.345613 -0.941537 3
1.114734 -1.173477 3
1.268587 -1.307063 3
-0.686612 -1.567251 2
-0.689317 -1.729511 2
1.267709 -1.454369 3
-1.147662 -1.532714 1
1.375964 -0.610496 0
0.020359 -1.853289 2
1.229666 -0.945237 3
-0.179206 -1.511471 2
-0.73694 -1.797199 2
1.489567 -0.455183 0
1.669129 -0.017385 0
1.270616 -1.25087 3
-1.691756 -0.67282 1
1.347185 -0.857851 0
1.70635 -0.915041 0
1.369302 -1.337626 3
1.52611 -0.478487 0
-0.546508 -1.828265 2
0.644769 -1.525766 3
0.692303 -1.679223 3
1.571925 -0.592938 0
1.661731 -0.545705 0
-0.648031 -1.83909 2
-0.171457 -1.845488 2
0.8617 -1.227252 3
0.704584 -1.776559 3
1.778928 -0.23149 0
0.983846 -1.158866 3
1.255173 -1.108801 3
-0.747339 -1.472812 2
-0.004776 -1.674667 2
-1.357779 -1.213672 1
1.145352 -1.524888 3
1.246313 -0.935875 3
0.632688 -1.483893 3
-0.057976 -1.776735 2
0.492591 -1.694104 2
1.498272 -0.487841 0
0.9768 -1.356116 3
0.36931 -1.749284 2
-0.917227 -1.208962 1
1.216986 -0.928378 3
-0.555554 -1.820841 2
-1.816694 -0.337531 1
-0.50444 -1.674635 2
1.634653 -0.764018 0
1.471226 -1.272302 3
-1.482625 -1.206885 1
-1.501725 -0.678579 1
-1.009655 -1.42005 1
0.084053 -1.653383 2
-0.86503 -1.319557 2
1.605512 -0.905827 0
1.518044 -0.645445 0
-0.118803 -1.708088 2
1.566315 -0.105972 0
-1.153836 -0.983021 1
-0.805128 -1.408273 2
-1.538406 -0.197185 1
1.537523 -0.528013 0
-0.599422 -1.445175 2
-1.60716 -0.134948 1
-1.075524 -1.316604 1
-0.226385 -1.65388 2
-1.344563 -0.659369 1
-1.604045 -0.433228 1
-1.560104 -0.450635 1
-0.712352 -1.578537 2
1.408949 -0.887948 0
0.228238 -1.638326 2
0.747851 -1.602999 3
1.584778 -0.282889 0
0.389466 -1.780444 2
0.034927 -1.716619 2
-1.549978 -1.156656 1
-1.61229 -0.588106 1
1.615059 -0.485332 0
-1.403758 -0.809128 1
1.559942 -0.228086 0
-1.554622 -0.23316 1
-1.092555 -1.560634 1
-1.070339 -1.386113 1
-1.587538 -0.21427 1
1.876042 -0.027446 0
1.023854 -1.64547 3
-1.527183 -0.959254 1
-1.288442 -1.416618 1
-0.320363 -1.735545 2
-1.246318 -1.001802 1
-0.377402 -1.852894 2
-1.764552 -0.393636 1
-0.436318 -1.688514 2
-0.857893 -1.61652 2
-1.506366 -0.717122 1
1.454029 -1.227474 3
1.39725 -1.172889 3
0.749412 -1.571564 3
1.652923 -0.224046 0
-0.491053 -1.87031 2
0.292066 -1.648019 2
1.44499 -0.624445 0
-1.681953 -0.029358 1
-1.535414 -0.46191 1
0.91678 -1.606302 3
0.700021 -1.814597 3
-1.524977 -0.908337 1
-0.966642 -1.498618 2
1.226399 -1.160796 3
-0.693499 -1.453119 2
-1.305651 -1.224566 1
-1.426641 -1.192604 1
-1.773233 -0.784198 1
1.58321 -0.622671 0
-1.634888 -0.86398 1
-1.467081 -0.624569 1
0.104797 -1.583145 2
1.724895 -0.76954 0
0.268372 -1.897912 2
1.637653 -0.31281 0
-0.373776 -1.826692 2
1.0297 -1.157631 3
-1.483126 -0.656666 1
1.594151 -0.064553 0
1.852581 -0.380145 0
1.621611 -0.12499 0
-1.377778 -0.707628 1
-1.503939 -0.81761 1
1.646177 -0.909718 0
-1.608897 -1.0515 1
-0.963633 -1.198405 1
-0.764208 -1.538602 2
0.140432 -1.778447 2
-1.539027 -0.670905 1
1.268493 -1.354075 3
1.551668 -0.868535 0
-1.519722 -0.334113 1
1.391131 -1.252342 3
-1.424397 -0.954347 1
-1.860817 -0.229251 1
-1.192303 -1.089609 1
-1.187883 -1.329428 1
1.564155 -0.541668 0
1.31051 -1.105872 3
1.610297 -0.445765 0
1.78461 -0.213225 0
1.036872 -1.241817 3
-1.734594 -0.219694 1
-1.706058 -0.065247 1
1.303467 -0.786634 0
-0.469401 -1.48856 2
0.459354 -1.669355 2
0.12721 -1.774753 2
-1.270056 -1.00962 1
0.702803 -1.588151 3
-1.551051 -0.435046 1
1.063331 -1.298523 3
-1.64924 -1.02726 1
0.919231 -1.187714 3
-1.670499 -1.000319 1
-0.674859 -1.82156 2
0.255189 -1.720293 2
1.335649 -1.282748 3
-0.238449 -1.606474 2
-0.696462 -1.355994 2
1.620793 -0.507086 0
-0.151703 -1.653751 2
-0.271518 -1.890828 2
-1.880859 -0.036719 1
0.860439 -1.523346 3
-1.269515 -1.333509 1
-1.512343 -0.037677 1
1.776606 -0.530017 0
-0.541758 -1.652214 2
-0.062999 -1.764581 2
1.256893 -0.911252 3
-1.548737 -0.077288 1
1.543445 -0.302669 0
1.236616 -1.022349 3
-0.358869 -1.742476 2
-1.204926 -0.917697 1
1.720255 -0.568714 0
-0.112979 -1.886775 2
-1.671222 -0.756077 1
0.825581 -1.291979 3
0.99417 -1.181271 3
1.261484 -0.862527 3
1.237655 -1.366092 3
1.786537 -0.67552 0
1.423822 -1.043089 3
1.489167 -0.469972 0
0.343782 -1.609865 2
1.29117 -0.846455 0
1.228681 -1.458649 3
1.099025 -1.14004 3
1.834984 -0.55848 0
-0.319916 -1.615433 2
-0.359701 -1.487907 2
1.068752 -1.411924 3
0.462116 -1.768374 2
-1.550566 -0.234551 1
0.233786 -1.519001 2
1.52962 -0.66827 0
0.190372 -1.719139 2
0.533686 -1.794382 3
1.447758 -1.207704 3
0.975478 -1.409576 3
-1.733203 -0.791177 1
1.619614 -0.355697 0
-0.483132 -1.535534 2
0.945348 -1.160929 3
1.773498 -0.484739 0
-0.419028 -1.544798 2
1.66657 -0.183521 0
-1.903997 -0.113701 1
0.05058 -1.496817 2
1.022603 -1.243944 3
-1.844881 -0.248347 1
1.237213 -1.501334 3
-1.630756 -0.947792 1
0.501808 -1.442344 3
-1.520411 -0.16794 1
1.677955 -0.475545 0
-1.104739 -1.513351 1
-0.839597 -1.501652 2
-1.48288 -0.540753 1
-1.810091 -0.073276 1
1.526919 -1.082637 3
-1.900846 -0.076231 1
0.89654 -1.294531 3
-1.830969 -0.110208 1
1.148213 -1.108783 3
-1.624731 -0.995661 1
1.131628 -1.580645 3
0.267999 -1.557474 2
1.568226 -0.703089 0
0.138012 -1.77892 2
1.418642 -1.047262 3
-1.699314 -0.542972 1
1.629615 -0.259186 0
-1.764346 -0.296977 1
-1.345084 -1.083137 1
-1.409058 -0.989775 1
-1.02787 -1.247609 1
-1.715879 -0.489428 1
0.371456 -1.707953 2
1.752973 -0.326268 0
0.453449 -1.752738 2
1.690168 -0.684503 0
1.495016 -0.331709 0
1.661049 -0.989951 0
-1.655343 -0.977764 1
-0.302643 -1.559104 2
1.358984 -1.333097 3
0.348361 -1.53393 2
-1.477469 -0.385937 1
1.448646 -0.389155 0
0.79101 -1.665092 3
-1.381254 -1.078527 1
0.077056 -1.700966 2
0.920569 -1.485449 3
-1.502081 -0.165039 1
-1.260823 -1.408129 1
0.348366 -1.909609 2
0.113954 -1.517777 2
-0.788056 -1.45532 2
0.021025 -1.512125 2
0.832199 -1.259479 3
-0.448072 -1.791261 2
-1.595438 -0.287407 1
0.516289 -1.690194 3
1.836705 -0.437429 0
-1.545384 -0.359134 1
-1.760616 -0.194693 1
1.243522 -0.939004 3
-1.269499 -1.017073 1
1.223788 -1.192922 3
0.115449 -1.886014 2
0.035924 -1.781696 2
-1.404621 -1.141971 1
-1.361686 -0.99724 1
0.11862 -1.638151 2
-0.978348 -1.678318 2
-0.411525 -1.560907 2
-1.6184 -0.527813 1
0.808213 -1.647976 3
-1.307903 -0.773373 1
1.451671 -0.427675 0
-0.831137 -1.670106 2
0.266452 -1.532405 2
-1.20578 -0.989851 1
-1.534933 -0.570254 1
1.730583 -0.354023 0
-0.802394 -1.441851 2
1.758138 -0.481381 0
-0.901859 -1.364831 2
1.85607 -0.593759 0
-1.874531 -0.401147 1
0.265725 -1.772139 2
0.934051 -1.306375 3
0.575231 -1.613791 3
-1.021965 -1.102724 1
0.825207 -1.526447 3
1.765668 -0.047918 0
1.644518 -0.301764 0
0.839647 -1.690477 3
0.319814 -1.8801 2
1.108167 -1.142644 3
0.050995 -1.761183 2
0.473196 -1.712006 2
-0.829118 -1.725324 2
0.954338 -1.420791 3
-0.601818 -1.506114 2
0.469287 -1.525814 3
1.905961 -0.163207 0
-1.603176 -0.990389 1
1.814563 -0.347698 0
-0.728628 -1.596278 2
1.662478 -0.051722 0
0.650543 -1.637758 3
1.306327 -1.327573 3
-1.917548 -0.024384 1
0.392168 -1.765914 2
-1.298859 -0.92036 1
-1.823426 -0.265269 1
-1.781629 -0.194883 1
1.802787 -0.412009 0
-0.39208 -1.460689 2
-0.78903 -1.285653 2
1.494891 -0.363497 0
1.446398 -0.529607 0
1.113252 -1.465785 3
1.545938 -1.164795 3
1.028567 -1.160039 3
-0.181679 -1.937619 2
-0.306582 -1.758056 2
-0.619524 -1.547283 2
-1.38516 -0.616715 1
0.777342 -1.414956 3
1.616014 -0.439249 0

