1.639374648544448 -0.38904719183799485 
-1.5296851570565335 -0.6607042061681793 
-0.2572348571071884 -1.642688024675526 
1.1071078782590889 -1.2692425138970733 
0.017523374151041035 0.009059229679914212 0.009059229679914214 0.04181274697871262 
0.049027777929203216 -0.06789106392314248 -0.06789106392314248 0.1713631563044586 
0.26913943643865684 -0.040834013615670184 -0.040834013615670184 0.02450215272754931 
0.11350831294979843 0.07669044120981697 0.07669044120981697 0.08186670593184261 
0.16291485002612496
0.2602305666256853
0.33415230340694513
0.24270227994124494
