-3.1723051938013818 0.08464432761537066 
-2.6552785145715725 0.7534523112210033 
-1.6588208985020665 0.9638309028440996 
-0.7782026111488678 0.3169954093787925 
-2.805403 0.47909 1
-2.863374 0.540135 1
-1.844841 0.982728 2
-1.289484 1.021271 2
-1.056815 0.487639 3
-2.501126 0.756141 1
-1.911449 1.019807 2
-1.581537 0.86992 2
-0.720413 0.582003 3
-1.753419 1.028924 2
-3.226036 0.376703 0
-0.830811 0.648587 3
-1.722402 1.106632 2
-2.672863 0.794693 1
-2.847717 0.756129 1
-0.563281 -0.023827 3
-1.184803 0.874031 2
-1.220287 0.786713 2
-0.613006 0.205883 3
-1.71344 1.177823 2
-1.052451 0.605225 3
-2.303558 1.051374 1
-3.031276 0.514575 1
-0.822556 0.369971 3
-3.05042 0.222452 0
-1.882708 1.116186 2
-3.190568 0.125016 0
-1.35491 0.832575 2
-0.831847 0.685312 3
-1.440014 0.94165 2
-0.77121 0.547056 3
-1.366772 0.908721 2
-1.776958 0.938077 2
-0.664734 0.065545 3
-3.133739 -0.048659 0
-3.214103 0.190118 0
-2.437859 0.750204 1
-0.607304 0.264297 3
-1.648447 0.997196 2
-1.849045 0.931083 2
-1.69525 0.911766 2
-1.529891 0.964672 2
-1.157775 0.58404 3
-3.117167 -0.121728 0
-1.264401 0.737662 2
-2.391898 0.922031 1
-2.372596 0.901214 1
-2.580045 0.766484 1
-0.843531 0.537574 3
-3.092102 0.376139 0
-0.57962 -0.01231 3
-1.006603 0.584809 3
-1.812308 1.063596 2
-2.654008 0.853774 1
-2.560416 0.762489 1
-0.728985 0.14083 3
-3.338368 -0.103219 0
-2.355774 0.770053 1
-0.974707 0.592792 3
-0.609583 0.030273 3
-3.205454 -0.206699 0
-1.130266 0.895766 2
-0.501454 0.098663 3
-2.148897 0.862322 2
-3.258373 0.2043 0
-1.638876 0.867822 2
-0.429883 -0.019549 3
-1.30178 0.793057 2
-0.657928 -0.212608 3
-2.509609 0.899367 1
-2.546523 0.976473 1
-2.031741 1.095768 2
-0.714628 -0.263359 3
-0.621818 0.226759 3
-2.540907 0.821444 1
-2.670921 0.612224 1
-1.104252 0.823317 2
-0.642519 -0.11533 3
-0.504415 0.217265 3
-1.16805 0.861128 2
-0.808838 0.314307 3
-2.52268 0.719809 1
-2.613465 0.71432 1
-1.376798 0.967391 2
-2.248514 1.050419 1
-2.979662 0.719253 1
-3.155948 -0.276873 0
-1.415893 0.941645 2
-0.799849 0.54754 3
-1.728409 0.935572 2
-0.939499 0.479452 3
-3.132253 -0.182083 0
-1.372216 0.788755 2
-0.852633 0.484803 3
-1.074762 0.76692 3
-2.866331 0.39261 1
-1.170178 0.610584 3
-1.826611 1.044998 2
-0.606554 0.174109 3
-0.59687 -0.214353 3
-0.624781 0.253807 3
-2.904954 0.782152 1
-2.337466 0.926385 1
-2.784239 0.528311 1
-3.194713 -0.270632 0
-0.724681 0.337889 3
-1.159143 0.729323 2
-0.544536 -0.17534 3
-1.644931 1.040722 2
-1.486347 1.035379 2
-3.006477 0.299496 0
-2.591073 0.892651 1
-2.972775 0.558718 1
-3.23955 -0.173207 0
-3.186085 0.240406 0
-2.580227 0.885964 1
-0.765298 0.069973 3
-3.324843 -0.190716 0
-0.680585 -0.189829 3
-2.624417 0.717995 1
-0.663089 0.133687 3
-1.115822 0.749855 3
-1.490639 0.82336 2
-0.539488 0.02099 3
-0.59928 -0.274876 3
-3.112075 -0.219753 0
-2.103763 0.930857 2
-2.903793 0.462889 1
-1.611691 0.985077 2
-3.043656 0.404706 0
-2.970203 0.651898 1
-0.880406 0.618371 3
-2.176139 0.929849 1
-2.886562 0.499488 1
-1.101591 0.751378 3
-3.018918 0.076383 0
-1.958615 0.932117 2
-1.502937 0.93677 2
-0.608348 0.170022 3
-0.641699 0.399367 3
-3.365333 -0.250157 0
-2.912273 0.519306 1
-0.643141 -0.241483 3
-2.962488 0.743334 1
-0.854353 0.368477 3
-2.987919 0.399883 0
-2.465225 0.779705 1
-3.266081 0.1522 0
-2.691189 0.889493 1
-2.586876 0.988766 1
-1.892336 0.934041 2
-1.093043 0.898282 2
-1.143375 0.807275 2
-1.082853 0.576172 3
-1.772406 0.87982 2
-0.696804 -0.08514 3
-2.177288 1.048314 2
-0.764033 0.258456 3
-2.250477 1.127167 1
-1.787466 1.173718 2
-0.428856 -0.210341 3
-0.837664 0.202858 3
-3.162296 0.094801 0
-0.588959 -0.085626 3
-2.599914 0.90832 1
-1.353811 0.754431 2
-2.505555 0.800082 1
-2.657057 0.73084 1
-0.728952 -0.207461 3
-1.927463 0.858228 2
-0.745689 0.431861 3
-0.660641 0.013921 3
-1.647959 0.912156 2
-2.991615 0.499492 1
-2.932825 0.688618 1
-0.701671 0.090914 3
-0.702151 0.527987 3
-0.629003 -0.259158 3
-1.171258 0.999 2
-1.763942 1.050049 2
-0.886247 0.748004 3
-0.882441 0.342899 3
-2.807634 0.605376 1
-0.77862 0.132071 3
-2.718011 0.7069 1
-0.925181 0.550149 3
-3.292352 -0.059801 0
-2.242873 0.999635 1
-2.677355 0.68036 1
-2.962194 0.531585 1
-1.939038 0.925746 2
-3.100386 -0.048371 0
-3.290717 0.17561 0
-2.72647 0.91857 1
-2.558006 0.755274 1
-2.420575 0.754724 1
-0.930908 0.321366 3
-1.953998 0.975604 2
-0.631006 -0.139536 3
-1.935542 0.917922 2
-2.668384 0.880199 1
-0.58457 -0.246048 3
-0.523981 -0.235342 3
-2.375945 0.805667 1
-0.554822 0.336244 3
-3.183906 0.013599 0
-0.723178 0.549354 3
-0.750395 0.422259 3
-2.518952 1.007044 1
-1.231871 0.743707 2
-2.089832 1.165783 2
-1.060643 0.942312 2
-1.506805 0.911847 2
-2.445341 0.884392 1
-0.757742 0.522609 3
-1.02134 0.645778 3
-1.266233 0.684205 2
-1.093995 0.768214 3
-3.36193 -0.161682 0
-1.534326 0.940389 2
-2.245465 1.116077 1
-2.786399 0.57317 1
-3.258076 0.21629 0
-0.856219 0.547739 3
-1.955746 1.104869 2
-1.249519 0.713141 2
-1.683252 1.140571 2
-0.865937 0.208999 3
-0.514846 0.227714 3
-1.900057 1.197661 2
-2.966463 0.290693 0
-3.149611 0.091737 0
-3.110113 0.479238 0
-1.70683 0.838228 2
-2.770773 0.778333 1
-1.011367 0.489903 3
-2.942117 0.293873 0
-0.909868 0.457715 3
-0.812444 0.266205 3
-2.33451 0.986902 1
-0.415353 -0.201576 3
-3.362009 0.033076 0
-0.792232 0.531928 3
-0.966177 0.543629 3
-3.065485 0.605639 1
-1.392949 0.807841 2
-1.456749 0.858149 2
-0.946976 0.774896 3
-0.535387 -0.003183 3
-3.03986 0.412315 0
-1.951992 1.16384 2
-0.746394 -0.122637 3
-3.115685 0.513653 0
-1.782977 1.146829 2
-3.299412 -0.12108 0
-2.259825 0.797649 1
-0.42699 -0.152152 3
-2.893724 0.776914 1
-0.624408 -0.040451 3
-0.704774 -0.295745 3
-0.688247 0.012675 3
-1.76674 1.054554 2
-3.073297 -0.189479 0
-1.042759 0.8771 3
-0.688354 0.262782 3
-2.738138 0.682913 1
-1.134169 0.70298 3
-0.583703 -0.015251 3
-0.73468 0.400596 3
-1.50516 1.091341 2
-0.868086 0.477595 3
-0.692078 0.082629 3
-0.634051 0.32191 3
-1.823558 0.905413 2
-3.310976 0.034471 0
-1.655365 0.916009 2
-3.129835 0.474987 0
-1.121372 0.71458 3
-2.210476 0.982551 1
-1.002845 0.804273 3
-2.718468 0.649299 1
-0.954304 0.611669 3
-2.599242 0.915991 1
-1.856103 0.91444 2
-2.414415 0.93497 1
-3.240939 -0.167056 0
-0.634888 0.454074 3
-0.676816 0.385574 3
-2.913293 0.753854 1
-0.801622 0.266352 3
-1.666767 1.167509 2
-1.653644 0.959571 2
-2.66185 0.835998 1
-2.96473 0.219011 0
-0.491923 -0.060415 3
-3.038601 0.195362 0
-2.817071 0.507855 1
-0.711632 0.349554 3
-2.659808 0.828884 1
-2.644422 0.752358 1
-3.307077 -0.115525 0
-1.210098 0.725421 2
-0.457816 0.037777 3
-0.450398 -0.074587 3
-2.50571 0.737197 1
-1.48884 0.795498 2
-1.992681 0.885967 2
-1.121885 0.649427 3
-3.18736 0.453528 0
-3.084014 -0.202915 0
-1.983424 0.906833 2
-2.850634 0.531738 1
-0.772414 0.215691 3
-2.848465 0.375876 1
-3.042411 -0.121954 0
-1.10014 0.821026 2
-2.089384 0.991231 2
-2.191676 0.859858 1
-2.612376 0.900721 1
-1.400792 0.774788 2
-1.943263 1.003543 2
-3.038274 0.178577 0
-1.66695 0.920484 2
-3.089658 0.099229 0
-1.082161 0.748437 3
-0.693324 0.05315 3
-1.134681 0.783793 2
-1.49485 0.785016 2
-0.992003 0.76408 3
-2.771966 0.744404 1
-0.612621 0.320171 3
-2.031325 1.183235 2
-3.111802 0.193665 0
-1.149759 0.946301 2
-0.791791 0.490332 3
-0.805485 0.329397 3
-1.464275 1.076516 2
-1.590634 0.858433 2
-1.724646 1.083935 2
-3.306111 -0.254022 0
-1.155528 0.680395 3
-2.30976 0.845066 1
-3.181881 0.251596 0
-2.542624 0.810814 1
-3.23815 -0.163064 0
-1.824308 1.141179 2
-3.36142 -0.141718 0
-1.560577 1.01696 2
-0.978221 0.447631 3
-0.80979 0.41914 3
-2.920018 0.670682 1
-1.002705 0.638198 3
-0.948744 0.8375 3
-2.319377 1.118696 1
-1.929238 1.121578 2
-0.652029 -0.030271 3
-3.070886 -0.262579 0
-0.713908 0.59604 3
-0.994818 0.827996 3
-2.690701 0.790149 1
-0.77898 0.645935 3
-3.010088 0.660834 1
-0.579186 0.008876 3
-0.770972 0.59103 3
-0.903164 0.721854 3
-3.165317 0.17828 0
-2.195982 0.901565 1
-0.699911 0.382407 3
-1.321919 0.936452 2
-2.771304 0.80834 1
-3.220502 0.277619 0
-1.830389 1.111386 2
-1.419178 0.961432 2
-3.067551 0.555655 1
-2.340506 0.970224 1
-2.543089 0.92182 1
-0.634969 -0.081688 3
-2.486135 0.876133 1
-1.893769 0.95418 2
-2.037 1.0032 2
-1.995393 1.168839 2
-3.232565 -0.19779 0
-2.20915 1.005885 1
-3.277061 0.283435 0
-1.98591 1.042013 2
-3.056271 0.615792 1
-0.746257 0.609035 3
-2.835366 0.43521 1
-0.707809 -0.229084 3
-1.962798 1.067869 2
-3.369646 -0.018603 0
-0.985382 0.755032 3
-1.530086 0.971679 2
-3.057476 0.173999 0
-1.967086 1.037826 2
-1.269717 0.699422 2
-1.098334 0.755928 3
-0.664035 0.249653 3
-0.900732 0.555934 3
-1.728686 0.921093 2
-0.603686 0.412606 3
-2.936046 0.507996 1
-3.222325 0.403654 0
-0.854035 0.247366 3
-1.389926 0.894704 2
-2.182247 1.142572 2
-0.685431 -0.191204 3
-0.881031 0.782511 3
-2.536648 0.994322 1
-0.695477 0.47837 3
-3.075008 0.127774 0
-2.614209 0.994106 1
-0.824833 0.695326 3
-1.421922 1.110568 2
-0.520192 -0.215322 3
-2.818884 0.57433 1
-1.997488 0.918606 2
-2.066772 1.172526 2
-0.761802 0.475412 3
-2.678043 0.666266 1
-3.35152 0.064971 0
-1.333777 0.822016 2
-3.132942 0.525934 0
-1.555813 0.998266 2
-2.757319 0.611532 1
-3.36427 -0.178796 0
-1.037543 0.733025 3
-1.142777 0.828895 2
-1.243707 0.946532 2
-2.971715 0.171581 0
-1.409441 0.789496 2
-0.605899 -0.182706 3
-0.918164 0.357038 3
-2.280679 0.935873 1
-1.927331 1.021794 2
-0.858724 0.592153 3
-2.324743 0.822491 1
-2.410117 0.93767 1
-1.3241 0.718096 2
-0.597787 -0.103641 3
-2.824258 0.60704 1
-1.880413 0.945843 2
-2.172288 1.018874 2
-1.328889 0.997778 2
-1.339856 0.950712 2
-3.30721 0.15258 0
-0.471175 -0.006015 3
-0.96384 0.527624 3
-1.551662 0.898448 2
-2.538066 0.874 1
-2.486705 1.044319 1
-2.792135 0.47433 1
-2.923474 0.440405 1
-2.859899 0.687966 1
-0.851208 0.508145 3
-0.579581 0.088697 3
-0.731384 0.184322 3
-1.590133 1.055217 2
-1.777441 1.139738 2
-0.63265 0.167251 3
-0.903221 0.707683 3
-0.746265 0.397621 3
-3.3283 0.048438 0
-1.709036 0.987024 2
-2.64305 0.861224 1
-3.285621 0.268009 0
-0.951795 0.435442 3
-0.724297 -0.194134 3
-0.497577 -0.273979 3
-3.041766 -0.015991 0
-1.066386 0.826316 3
-3.120829 0.198947 0
-2.852806 0.393142 1
-0.785141 0.627503 3
-1.067448 0.833775 3
-1.953931 1.023116 2
-0.620589 0.482882 3
-1.87163 1.099487 2
-0.494134 -0.09612 3
-1.235672 0.948676 2
-3.072751 0.507736 0
-2.584191 0.904754 1
-1.326769 1.046793 2
-2.936627 0.566066 1
-0.826731 0.310935 3
-3.072271 -0.299064 0
-1.16369 0.713823 3
-2.613374 0.818196 1
-1.528336 1.140993 2
-2.05047 0.910037 2
-0.687484 0.191074 3
-0.852399 0.724072 3
-0.781495 0.218716 3
-0.817563 0.280295 3
-0.712268 -0.228316 3
-0.591237 0.198164 3
-1.866634 1.175833 2
-0.633493 -0.256314 3
-0.628298 0.306087 3
-2.816302 0.399786 1
