-3.0854778485589303 0.22055609723750647 
-2.4221792185376048 0.8752223184893361 
-1.4143197876852223 0.8780730006784095 
-0.7127098277022863 0.2110578855127145 
0.03106572801255336 0.0366042254744865 0.0366042254744865 0.0885727000924102 
0.10565189393789126 0.03790268435084849 0.03790268435084849 0.023163304455403703 
0.1199420088380793 -0.04440062319620597 -0.044400623196205975 0.027110321592221227 
0.021525979096004098 -0.03000839872105652 -0.03000839872105652 0.08651254936218276 
0.20989130864534378
0.2233130982026963
0.2876397982478578
0.2791557949041024
36585
