0.7522892653111185 0.40019111982591615 
0.40334231121043584 0.1507322877632041 
1.756127965525566 0.9601522552316388 
2.57907757824073 0.7592824492930793 
2.7884162112387925 0.5319785303887669 
1.1905617699096671 0.8293549113675532 
1.4806819750123552 1.0111932929341427 
2.3475724426189992 0.8912815367588407 
3.022920057824598 0.1671734289014722 
2.0417181926317465 0.9309461041795514 
0.48697418213339594 -0.1884187147445559 
2.882285336957536 0.6642863134317692 
1.8801564466837055 1.1175379993172068 
1.117624253491854 0.9340328351885333 
0.6423385817571954 0.5858289024409253 
3.050455337115566 -0.22519076210525787 
0.031004845100719457 0.03992773870955255 0.03992773870955255 0.06926093851904871 
0.002071984798624364 0.004244969450211342 0.004244969450211342 0.011446780926090246 
0.00495335987579406 -0.00015657314427396394 -0.00015657314427396392 0.003051763269223289 
0.007891682631760146 0.002020424713453369 0.002020424713453369 0.0020513233880205934 
0.025277726377184524 -0.0106347267623419 -0.0106347267623419 0.008224574422465247 
0.026667960157156133 0.008035183740243835 0.008035183740243833 0.00869330836676725 
0.002727449301168214 -0.0027719922044628508 -0.0027719922044628508 0.007030362742730192 
0.02690664863143783 -0.0038811020271244034 -0.0038811020271244034 0.009121412685657027 
0.018657319934325966 -0.020062863066526503 -0.020062863066526507 0.04317873669171339 
0.009343226205538966 0.000879198811182913 0.000879198811182913 0.0022787789782312525 
0.011432706375586741 -0.001838944607370482 -0.001838944607370482 0.0034897683243091285 
0.012390707829469121 -0.01256958845553481 -0.01256958845553481 0.013574881674123821 
0.03138598364904799 -0.003215712356258843 -0.003215712356258843 0.0025750988876005257 
0.0032502661647859942 0.0038330892934241895 0.0038330892934241895 0.004532105996054636 
0.011032505625625556 0.013364490589187513 0.013364490589187513 0.017131930960015578 
0.00429373332631528 -0.0003617897298991492 -0.0003617897298991491 0.0015194919235984072 
0.14355364794379083
0.024447175206013517
0.04754169328687838
0.048737505333842183
0.0691144349025609
0.09897049140488753
0.024448749830138086
0.09280094055482731
0.17473054132849997
0.036449094778568676
0.045339691645795425
0.03872736361036904
0.06603797907588968
0.018264212425252564
0.034431989017464505
0.03640448965522121
21719177851
