1.6290677237235047 -0.9011611517621348 
-1.4282193995081747 -1.192052356909408 
1.0254291730559757 -1.4720983860264416 
1.2982997359401258 -1.0448348836777113 
0.9889705711421024 -1.2062859654928046 
1.784945851736152 -0.46626953804444576 
-1.0513738369684276 -1.3713609993232614 
-1.6930834618062185 -0.16867083234452473 
1.7179145101761417 -0.1381594144411374 
-1.5690387924646045 -0.5933633082392225 
0.22435960225755336 -1.741663142034932 
0.24073587180569894 -1.517225787467191 
1.5524916003353442 -0.4625258766382801 
-1.3047301828287166 -1.000743808410235 
-0.7640000884819251 -1.5212061851544951 
-0.45970223393325443 -1.6794743655057953 
0.00928990819141826 0.01433575611228709 0.014335756112287091 0.034340174065967094 
0.04144117438548977 -0.042438363730194655 -0.042438363730194655 0.048891960690457356 
0.07014006429947989 0.03570395671353949 0.03570395671353949 0.027591425044340756 
0.004718795742298467 -0.0011706199704755735 -0.001170619970475573 0.028586554382180086 
0.008422779273961631 0.003463670785167508 0.003463670785167509 0.0030728920240062577 
0.0019399918870393535 0.0007442115562382895 0.0007442115562382895 0.014660496370494379 
0.005204099945046848 0.006517211672539083 0.006517211672539083 0.012978664353285043 
0.0197647829914827 -0.0038947700420303225 -0.0038947700420303225 0.008704701848376965 
0.01261236056738607 0.0015541409894486607 0.0015541409894486613 0.006815539109185998 
0.024259635237311603 -0.017506335657097992 -0.017506335657097992 0.027360505602993863 
0.11317526235359363 0.013808415123952067 0.013808415123952067 0.008830085731095314 
0.11787430625626827 0.015049858419864226 0.015049858419864226 0.0031472352030831327 
0.0062268410825888475 0.001589178100278565 0.001589178100278565 0.019139239374509478 
0.018316395211067177 -0.0047365383598827115 -0.0047365383598827115 0.004396031539290759 
0.027525588540353772 -0.0031650093066132347 -0.0031650093066132347 0.013330847666759118 
0.015814508942880938 0.004894241754467692 0.004894241754467692 0.015490804802829144 
0.03542695726141783
0.0593921186623535
0.07477815612604456
0.06360776522159985
0.039402053274869966
0.02920724695486077
0.025185187786307774
0.07474849681146525
0.04349894636398054
0.09131478899838197
0.17452565256162558
0.038444596871602676
0.08446133212646521
0.03345411359258529
0.08173246297930996
0.05082012440712921
