-2.9477107346888816 0.4001911198259162 
-3.296657688789564 0.15073228776321 
-1.9438720344744371 0.9601522552316386 
-1.1209224217592695 0.7592824492930786 
-0.9115837887612052 0.5319785303887671 
-2.509438230090336 0.8293549113675529 
-2.219318024987645 1.011193292934142 
-1.3524275573810067 0.8912815367588426 
-0.6770799421754062 0.16717342890147258 
-1.658281807368255 0.9309461041795497 
-3.213025817866604 -0.18841871474455585 
-0.8177146630424654 0.6642863134317706 
-1.819843553316293 1.1175379993172059 
-2.5823757465081463 0.9340328351885335 
-3.0576614182428012 0.5858289024409317 
-0.6495446628844337 -0.22519076210525746 
0.031004845100719484 0.03992773870955255 0.03992773870955256 0.06926093851904849 
0.002071984798624409 0.004244969450211591 0.004244969450211591 0.011446780926091301 
0.004953359875794038 -0.00015657314427396178 -0.00015657314427396194 0.0030517632692232846 
0.007891682631760145 0.002020424713453365 0.002020424713453365 0.0020513233880205864 
0.0252777263771842 -0.010634726762341694 -0.010634726762341694 0.008224574422465158 
0.026667960157155918 0.008035183740243675 0.008035183740243675 0.008693308366767185 
0.0027274493011681844 -0.0027719922044628412 -0.0027719922044628412 0.007030362742730236 
0.02690664863143854 -0.003881102027124705 -0.003881102027124705 0.009121412685657096 
0.01865731993432584 -0.020062863066526316 -0.020062863066526316 0.04317873669171319 
0.009343226205539026 0.0008791988111828545 0.0008791988111828543 0.0022787789782311575 
0.011432706375586736 -0.0018389446073704854 -0.0018389446073704852 0.0034897683243091315 
0.012390707829469175 -0.012569588455534854 -0.012569588455534854 0.013574881674123847 
0.03138598364904777 -0.003215712356258872 -0.003215712356258872 0.0025750988876005474 
0.0032502661647859786 0.0038330892934241773 0.0038330892934241773 0.004532105996054628 
0.011032505625624982 0.01336449058918671 0.01336449058918671 0.01713193096001449 
0.0042937333263153195 -0.00036178972989915837 -0.00036178972989915837 0.0015194919235984306 
0.14355364794379033
0.024447175206014485
0.047541693286878274
0.04873750533384224
0.06911443490256078
0.09897049140488733
0.02444874983013821
0.09280094055482861
0.17473054132849988
0.03644909477856769
0.045339691645795384
0.03872736361036899
0.06603797907588962
0.018264212425252533
0.03443198901746392
0.03640448965522145
